p min 19 37
n 0 1
n 1 1
n 17 -1
n 18 -1
a 0 1 0 1 1
a 1 2 0 1 1
a 0 6 0 1 3
a 6 7 0 1 1
a 7 8 0 1 1
a 1 7 0 1 3
a 2 8 0 1 3
a 0 11 0 1 5
a 1 12 0 1 5
a 2 13 0 1 5
a 6 12 0 1 3
a 7 13 0 1 3
a 8 14 0 1 3
a 11 17 0 1 0
a 12 17 0 1 0
a 13 17 0 1 0
a 14 17 0 1 0
a 11 18 0 1 0
a 12 18 0 1 0
a 13 18 0 1 0
a 14 18 0 1 0
a 2 3 0 1 1
a 3 14 0 1 5
a 4 15 0 1 5
a 5 16 0 1 5
a 3 9 0 1 3
a 4 10 0 1 3
a 8 9 0 1 1
a 9 10 0 1 1
a 9 15 0 1 3
a 10 16 0 1 3
a 3 4 0 1 1
a 4 5 0 1 1
a 15 18 0 1 0
a 16 18 0 1 0
a 15 17 0 1 0
a 16 17 0 1 0
